127 48
127 49
128 48
128 49
129 48
129 49
130 48
130 49
131 48
131 49
132 48
132 49
133 48
133 49
134 48
134 49
135 47
135 48
135 49
135 50
136 47
136 48
136 49
136 50
137 47
137 48
137 49
137 50
138 47
138 48
138 49
138 50
139 47
139 48
139 49
139 50
140 47
140 48
140 49
140 50
141 47
141 48
141 49
141 50
142 47
142 48
142 49
142 50
143 47
143 48
143 49
143 50
144 47
144 48
144 49
144 50
145 47
145 48
145 49
145 50
146 47
146 48
146 49
146 50
147 47
147 48
147 49
147 50
148 47
148 48
148 49
148 50
149 47
149 48
149 49
149 50
150 47
150 48
150 49
150 50
151 47
151 48
151 49
151 50
152 47
152 48
152 49
152 50
153 46
153 47
153 48
153 49
153 50
153 51
154 46
154 47
154 48
154 49
154 50
154 51
155 46
155 47
155 48
155 49
155 50
155 51
156 46
156 47
156 48
156 49
156 50
156 51
157 46
157 47
157 48
157 49
157 50
157 51
158 46
158 47
158 48
158 49
158 50
158 51
159 46
159 47
159 48
159 49
159 50
159 51
160 46
160 47
160 48
160 49
160 50
160 51
161 46
161 47
161 48
161 49
161 50
161 51
162 46
162 47
162 48
162 49
162 50
162 51
163 46
163 47
163 48
163 49
163 50
163 51
164 46
164 47
164 48
164 49
164 50
164 51
165 46
165 47
165 48
165 49
165 50
165 51
166 46
166 47
166 48
166 49
166 50
166 51
167 46
167 47
167 48
167 49
167 50
167 51
168 46
168 47
168 48
168 49
168 50
168 51
169 46
169 47
169 48
169 49
169 50
169 51
170 46
170 47
170 48
170 49
170 50
170 51
171 46
171 47
171 48
171 49
171 50
171 51
172 46
172 47
172 48
172 49
172 50
172 51
173 46
173 47
173 48
173 49
173 50
173 51
174 46
174 47
174 48
174 49
174 50
174 51
175 46
175 47
175 48
175 49
175 50
175 51
176 46
176 47
176 48
176 49
176 50
176 51
177 46
177 47
177 48
177 49
177 50
177 51
178 46
178 47
178 48
178 49
178 50
178 51
179 46
179 47
179 48
179 49
179 50
179 51
180 46
180 47
180 48
180 49
180 50
180 51
181 46
181 47
181 48
181 49
181 50
181 51
182 46
182 47
182 48
182 49
182 50
182 51
183 45
183 46
183 47
183 48
183 49
183 50
183 51
184 45
184 46
184 47
184 48
184 49
184 50
184 51
185 45
185 46
185 47
185 48
185 49
185 50
185 51
186 45
186 46
186 47
186 48
186 49
186 50
186 51
187 45
187 46
187 47
187 48
187 49
187 50
187 51
188 45
188 46
188 47
188 48
188 49
188 50
188 51
189 45
189 46
189 47
189 48
189 49
189 50
189 51
190 45
190 46
190 47
190 48
190 49
190 50
190 51
191 45
191 46
191 47
191 48
191 49
191 50
191 51
192 45
192 46
192 47
192 48
192 49
192 50
192 51
193 45
193 46
193 47
193 48
193 49
193 50
193 51
194 45
194 46
194 47
194 48
194 49
194 50
194 51
195 45
195 46
195 47
195 48
195 49
195 50
195 51
196 45
196 46
196 47
196 48
196 49
196 50
196 51
197 45
197 46
197 47
197 48
197 49
197 50
197 51
198 45
198 46
198 47
198 48
198 49
198 50
198 51
199 45
199 46
199 47
199 48
199 49
199 50
199 51
200 45
200 46
200 47
200 48
200 49
200 50
200 51
201 45
201 46
201 47
201 48
201 49
201 50
201 51
202 45
202 46
202 47
202 48
202 49
202 50
202 51
203 45
203 46
203 47
203 48
203 49
203 50
203 51
204 45
204 46
204 47
204 48
204 49
204 50
204 51
205 45
205 46
205 47
205 48
205 49
205 50
205 51
206 45
206 46
206 47
206 48
206 49
206 50
206 51
207 45
207 46
207 47
207 48
207 49
207 50
207 51
208 45
208 46
208 47
208 48
208 49
208 50
208 51
209 45
209 46
209 47
209 48
209 49
209 50
209 51
210 45
210 46
210 47
210 48
210 49
210 50
210 51
211 45
211 46
211 47
211 48
211 49
211 50
211 51
212 45
212 46
212 47
212 48
212 49
212 50
212 51
213 45
213 46
213 47
213 48
213 49
213 50
213 51
214 45
214 46
214 47
214 48
214 49
214 50
214 51
215 45
215 46
215 47
215 48
215 49
215 50
215 51
216 45
216 46
216 47
216 48
216 49
216 50
216 51
217 45
217 46
217 47
217 48
217 49
217 50
217 51
218 45
218 46
218 47
218 48
218 49
218 50
218 51
219 45
219 46
219 47
219 48
219 49
219 50
219 51
220 45
220 46
220 47
220 48
220 49
220 50
220 51
221 45
221 46
221 47
221 48
221 49
221 50
221 51
222 45
222 46
222 47
222 48
222 49
222 50
222 51
223 45
223 46
223 47
223 48
223 49
223 50
223 51
224 45
224 46
224 47
224 48
224 49
224 50
224 51
225 45
225 46
225 47
225 48
225 49
225 50
225 51
226 45
226 46
226 47
226 48
226 49
226 50
226 51
227 45
227 46
227 47
227 48
227 49
227 50
227 51
228 45
228 46
228 47
228 48
228 49
228 50
228 51
229 45
229 46
229 47
229 48
229 49
229 50
229 51
230 45
230 46
230 47
230 48
230 49
230 50
230 51
231 45
231 46
231 47
231 48
231 49
231 50
231 51
232 45
232 46
232 47
232 48
232 49
232 50
232 51
233 45
233 46
233 47
233 48
233 49
233 50
233 51
234 45
234 46
234 47
234 48
234 49
234 50
234 51
235 45
235 46
235 47
235 48
235 49
235 50
235 51
236 45
236 46
236 47
236 48
236 49
236 50
236 51
237 45
237 46
237 47
237 48
237 49
237 50
237 51
238 45
238 46
238 47
238 48
238 49
238 50
238 51
239 45
239 46
239 47
239 48
239 49
239 50
239 51
240 45
240 46
240 47
240 48
240 49
240 50
240 51
241 45
241 46
241 47
241 48
241 49
241 50
241 51
242 45
242 46
242 47
242 48
242 49
242 50
242 51
243 44
243 45
243 46
243 47
243 48
243 49
243 50
243 51
244 44
244 45
244 46
244 47
244 48
244 49
244 50
244 51
245 44
245 45
245 46
245 47
245 48
245 49
245 50
245 51
246 44
246 45
246 46
246 47
246 48
246 49
246 50
246 51
247 44
247 45
247 46
247 47
247 48
247 49
247 50
247 51
248 44
248 45
248 46
248 47
248 48
248 49
248 50
248 51
249 44
249 45
249 46
249 47
249 48
249 49
249 50
249 51
250 44
250 45
250 46
250 47
250 48
250 49
250 50
250 51
251 44
251 45
251 46
251 47
251 48
251 49
251 50
251 51
252 44
252 45
252 46
252 47
252 48
252 49
252 50
252 51
253 44
253 45
253 46
253 47
253 48
253 49
253 50
253 51
254 44
254 45
254 46
254 47
254 48
254 49
254 50
254 51
255 44
255 45
255 46
255 47
255 48
255 49
255 50
255 51
256 44
256 45
256 46
256 47
256 48
256 49
256 50
256 51
257 44
257 45
257 46
257 47
257 48
257 49
257 50
257 51
258 44
258 45
258 46
258 47
258 48
258 49
258 50
258 51
259 44
259 45
259 46
259 47
259 48
259 49
259 50
259 51
260 44
260 45
260 46
260 47
260 48
260 49
260 50
260 51
261 44
261 45
261 46
261 47
261 48
261 49
261 50
261 51
262 44
262 45
262 46
262 47
262 48
262 49
262 50
262 51
263 44
263 45
263 46
263 47
263 48
263 49
263 50
263 51
264 44
264 45
264 46
264 47
264 48
264 49
264 50
264 51
265 44
265 45
265 46
265 47
265 48
265 49
265 50
265 51
266 44
266 45
266 46
266 47
266 48
266 49
266 50
266 51
267 44
267 45
267 46
267 47
267 48
267 49
267 50
267 51
268 44
268 45
268 46
268 47
268 48
268 49
268 50
268 51
269 44
269 45
269 46
269 47
269 48
269 49
269 50
269 51
270 44
270 45
270 46
270 47
270 48
270 49
270 50
270 51
271 44
271 45
271 46
271 47
271 48
271 49
271 50
271 51
272 44
272 45
272 46
272 47
272 48
272 49
272 50
272 51
273 44
273 45
273 46
273 47
273 48
273 49
273 50
273 51
274 44
274 45
274 46
274 47
274 48
274 49
274 50
274 51
275 44
275 45
275 46
275 47
275 48
275 49
275 50
275 51
276 44
276 45
276 46
276 47
276 48
276 49
276 50
276 51
277 44
277 45
277 46
277 47
277 48
277 49
277 50
277 51
278 44
278 45
278 46
278 47
278 48
278 49
278 50
278 51
279 44
279 45
279 46
279 47
279 48
279 49
279 50
279 51
280 44
280 45
280 46
280 47
280 48
280 49
280 50
280 51
281 44
281 45
281 46
281 47
281 48
281 49
281 50
281 51
282 44
282 45
282 46
282 47
282 48
282 49
282 50
282 51
283 44
283 45
283 46
283 47
283 48
283 49
283 50
283 51
284 44
284 45
284 46
284 47
284 48
284 49
284 50
284 51
285 44
285 45
285 46
285 47
285 48
285 49
285 50
285 51
286 44
286 45
286 46
286 47
286 48
286 49
286 50
286 51
287 44
287 45
287 46
287 47
287 48
287 49
287 50
287 51
288 44
288 45
288 46
288 47
288 48
288 49
288 50
288 51
289 44
289 45
289 46
289 47
289 48
289 49
289 50
289 51
290 44
290 45
290 46
290 47
290 48
290 49
290 50
290 51
291 44
291 45
291 46
291 47
291 48
291 49
291 50
291 51
292 44
292 45
292 46
292 47
292 48
292 49
292 50
292 51
293 44
293 45
293 46
293 47
293 48
293 49
293 50
293 51
294 44
294 45
294 46
294 47
294 48
294 49
294 50
294 51
295 44
295 45
295 46
295 47
295 48
295 49
295 50
295 51
296 44
296 45
296 46
296 47
296 48
296 49
296 50
296 51
297 44
297 45
297 46
297 47
297 48
297 49
297 50
297 51
298 44
298 45
298 46
298 47
298 48
298 49
298 50
298 51
299 44
299 45
299 46
299 47
299 48
299 49
299 50
299 51
300 44
300 45
300 46
300 47
300 48
300 49
300 50
300 51
301 44
301 45
301 46
301 47
301 48
301 49
301 50
301 51
302 44
302 45
302 46
302 47
302 48
302 49
302 50
302 51
303 44
303 45
303 46
303 47
303 48
303 49
303 50
303 51
304 44
304 45
304 46
304 47
304 48
304 49
304 50
304 51
305 44
305 45
305 46
305 47
305 48
305 49
305 50
305 51
306 44
306 45
306 46
306 47
306 48
306 49
306 50
306 51
307 44
307 45
307 46
307 47
307 48
307 49
307 50
307 51
308 44
308 45
308 46
308 47
308 48
308 49
308 50
308 51
309 44
309 45
309 46
309 47
309 48
309 49
309 50
309 51
310 44
310 45
310 46
310 47
310 48
310 49
310 50
310 51
311 44
311 45
311 46
311 47
311 48
311 49
311 50
311 51
312 44
312 45
312 46
312 47
312 48
312 49
312 50
312 51
313 44
313 45
313 46
313 47
313 48
313 49
313 50
313 51
314 44
314 45
314 46
314 47
314 48
314 49
314 50
314 51
315 44
315 45
315 46
315 47
315 48
315 49
315 50
315 51
316 44
316 45
316 46
316 47
316 48
316 49
316 50
316 51
317 44
317 45
317 46
317 47
317 48
317 49
317 50
317 51
318 44
318 45
318 46
318 47
318 48
318 49
318 50
318 51
319 44
319 45
319 46
319 47
319 48
319 49
319 50
319 51
320 44
320 45
320 46
320 47
320 48
320 49
320 50
320 51
321 44
321 45
321 46
321 47
321 48
321 49
321 50
321 51
322 44
322 45
322 46
322 47
322 48
322 49
322 50
322 51
323 44
323 45
323 46
323 47
323 48
323 49
323 50
323 51
324 44
324 45
324 46
324 47
324 48
324 49
324 50
324 51
325 44
325 45
325 46
325 47
325 48
325 49
325 50
325 51
326 44
326 45
326 46
326 47
326 48
326 49
326 50
326 51
327 44
327 45
327 46
327 47
327 48
327 49
327 50
327 51
328 44
328 45
328 46
328 47
328 48
328 49
328 50
328 51
329 44
329 45
329 46
329 47
329 48
329 49
329 50
329 51
330 44
330 45
330 46
330 47
330 48
330 49
330 50
330 51
331 44
331 45
331 46
331 47
331 48
331 49
331 50
331 51
332 44
332 45
332 46
332 47
332 48
332 49
332 50
332 51
333 44
333 45
333 46
333 47
333 48
333 49
333 50
333 51
334 44
334 45
334 46
334 47
334 48
334 49
334 50
334 51
335 44
335 45
335 46
335 47
335 48
335 49
335 50
335 51
336 44
336 45
336 46
336 47
336 48
336 49
336 50
336 51
337 44
337 45
337 46
337 47
337 48
337 49
337 50
337 51
338 44
338 45
338 46
338 47
338 48
338 49
338 50
338 51
339 44
339 45
339 46
339 47
339 48
339 49
339 50
339 51
340 44
340 45
340 46
340 47
340 48
340 49
340 50
340 51
341 44
341 45
341 46
341 47
341 48
341 49
341 50
341 51
342 44
342 45
342 46
342 47
342 48
342 49
342 50
342 51
343 44
343 45
343 46
343 47
343 48
343 49
343 50
343 51
344 44
344 45
344 46
344 47
344 48
344 49
344 50
344 51
345 44
345 45
345 46
345 47
345 48
345 49
345 50
345 51
346 44
346 45
346 46
346 47
346 48
346 49
346 50
346 51
347 44
347 45
347 46
347 47
347 48
347 49
347 50
347 51
348 44
348 45
348 46
348 47
348 48
348 49
348 50
348 51
349 44
349 45
349 46
349 47
349 48
349 49
349 50
349 51
350 44
350 45
350 46
350 47
350 48
350 49
350 50
350 51
351 44
351 45
351 46
351 47
351 48
351 49
351 50
351 51
352 44
352 45
352 46
352 47
352 48
352 49
352 50
352 51
353 45
353 46
353 47
353 48
353 49
353 50
353 51
354 45
354 46
354 47
354 48
354 49
354 50
354 51
355 45
355 46
355 47
355 48
355 49
355 50
355 51
356 45
356 46
356 47
356 48
356 49
356 50
356 51
357 45
357 46
357 47
357 48
357 49
357 50
357 51
358 45
358 46
358 47
358 48
358 49
358 50
358 51
359 45
359 46
359 47
359 48
359 49
359 50
359 51
360 45
360 46
360 47
360 48
360 49
360 50
360 51
361 45
361 46
361 47
361 48
361 49
361 50
361 51
362 45
362 46
362 47
362 48
362 49
362 50
362 51
363 45
363 46
363 47
363 48
363 49
363 50
363 51
364 45
364 46
364 47
364 48
364 49
364 50
364 51
365 45
365 46
365 47
365 48
365 49
365 50
365 51
366 45
366 46
366 47
366 48
366 49
366 50
366 51
367 45
367 46
367 47
367 48
367 49
367 50
367 51
368 45
368 46
368 47
368 48
368 49
368 50
368 51
369 45
369 46
369 47
369 48
369 49
369 50
369 51
370 45
370 46
370 47
370 48
370 49
370 50
370 51
371 45
371 46
371 47
371 48
371 49
371 50
371 51
372 45
372 46
372 47
372 48
372 49
372 50
372 51
373 45
373 46
373 47
373 48
373 49
373 50
373 51
374 45
374 46
374 47
374 48
374 49
374 50
374 51
375 45
375 46
375 47
375 48
375 49
375 50
375 51
376 45
376 46
376 47
376 48
376 49
376 50
376 51
377 45
377 46
377 47
377 48
377 49
377 50
377 51
378 45
378 46
378 47
378 48
378 49
378 50
378 51
379 45
379 46
379 47
379 48
379 49
379 50
379 51
380 45
380 46
380 47
380 48
380 49
380 50
380 51
381 45
381 46
381 47
381 48
381 49
381 50
381 51
382 45
382 46
382 47
382 48
382 49
382 50
382 51
383 45
383 46
383 47
383 48
383 49
383 50
383 51
384 45
384 46
384 47
384 48
384 49
384 50
384 51
385 45
385 46
385 47
385 48
385 49
385 50
385 51
386 45
386 46
386 47
386 48
386 49
386 50
386 51
387 45
387 46
387 47
387 48
387 49
387 50
387 51
388 45
388 46
388 47
388 48
388 49
388 50
388 51
389 45
389 46
389 47
389 48
389 49
389 50
389 51
390 45
390 46
390 47
390 48
390 49
390 50
390 51
391 45
391 46
391 47
391 48
391 49
391 50
391 51
392 45
392 46
392 47
392 48
392 49
392 50
392 51
393 45
393 46
393 47
393 48
393 49
393 50
393 51
394 45
394 46
394 47
394 48
394 49
394 50
394 51
395 45
395 46
395 47
395 48
395 49
395 50
395 51
396 45
396 46
396 47
396 48
396 49
396 50
396 51
397 45
397 46
397 47
397 48
397 49
397 50
397 51
398 45
398 46
398 47
398 48
398 49
398 50
398 51
399 45
399 46
399 47
399 48
399 49
399 50
399 51
400 45
400 46
400 47
400 48
400 49
400 50
400 51
401 45
401 46
401 47
401 48
401 49
401 50
401 51
402 45
402 46
402 47
402 48
402 49
402 50
402 51
403 45
403 46
403 47
403 48
403 49
403 50
403 51
404 45
404 46
404 47
404 48
404 49
404 50
404 51
405 45
405 46
405 47
405 48
405 49
405 50
405 51
406 45
406 46
406 47
406 48
406 49
406 50
406 51
407 45
407 46
407 47
407 48
407 49
407 50
407 51
408 45
408 46
408 47
408 48
408 49
408 50
408 51
409 46
409 47
409 48
409 49
409 50
409 51
410 46
410 47
410 48
410 49
410 50
410 51
411 46
411 47
411 48
411 49
411 50
411 51
412 46
412 47
412 48
412 49
412 50
412 51
413 46
413 47
413 48
413 49
413 50
413 51
414 46
414 47
414 48
414 49
414 50
414 51
415 46
415 47
415 48
415 49
415 50
415 51
416 46
416 47
416 48
416 49
416 50
416 51
417 46
417 47
417 48
417 49
417 50
418 46
418 47
418 48
418 49
418 50
419 46
419 47
419 48
419 49
419 50
420 46
420 47
420 48
420 49
420 50
421 46
421 47
421 48
421 49
421 50
422 46
422 47
422 48
422 49
422 50
423 46
423 47
423 48
423 49
423 50
424 46
424 47
424 48
424 49
424 50
425 46
425 47
425 48
425 49
425 50
426 46
426 47
426 48
426 49
426 50
427 46
427 47
427 48
427 49
427 50
428 46
428 47
428 48
428 49
428 50
429 46
429 47
429 48
429 49
429 50
430 46
430 47
430 48
430 49
430 50
431 46
431 47
431 48
431 49
431 50
432 46
432 47
432 48
432 49
432 50
433 46
433 47
433 48
433 49
433 50
434 46
434 47
434 48
434 49
434 50
435 46
435 47
435 48
435 49
435 50
436 47
436 48
436 49
436 50
437 47
437 48
437 49
437 50
438 47
438 48
438 49
438 50
439 47
439 48
439 49
440 47
440 48
440 49
441 47
441 48
441 49
442 47
442 48
442 49
443 47
443 48
443 49
444 47
444 48
444 49
445 47
445 48
445 49
446 47
446 48
446 49
447 47
447 48
447 49
448 47
448 48
448 49
449 48
449 49
450 48
451 48
452 48
453 48
