0 44 0
523 17 0
0 15 0
124 35 0
399 20 0
83 14 0
299 29 0
80 39 0
581 32 0
251 19 0
127 1 0
262 26 0
444 43 0
9 28 0
564 8 0
550 22 0
70 51 0
451 31 0
55 35 0
557 5 0
562 37 0
115 42 0
82 41 0
339 14 0
101 29 0
556 30 0
0 7 0
366 6 0
178 6 0
546 47 0
34 44 0
268 13 0
365 32 0
48 9 0
429 33 0
356 16 0
228 36 0
329 35 0
533 26 0
277 8 0
269 7 0
319 16 0
295 48 1
445 1 0
291 13 0
407 5 0
8 1 0
15 46 0
170 9 0
361 27 0
0 32 0
464 37 0
178 17 0
95 2 0
546 48 0
412 31 0
490 32 0
336 12 0
453 16 0
253 25 0
33 5 0
582 41 0
190 22 0
567 37 0
220 20 0
17 45 0
129 24 0
87 1 0
315 34 0
26 28 0
295 22 0
334 23 0
206 42 0
254 15 0
165 18 0
107 46 0
455 23 0
306 11 0
6 19 0
149 5 0
516 31 0
331 16 0
521 10 0
397 3 0
514 24 0
559 51 0
77 33 0
546 12 0
107 2 0
416 31 0
575 8 0
486 4 0
119 41 0
9 30 0
296 41 0
266 31 0
344 7 0
192 40 0
76 9 0
40 14 0
209 5 0
381 18 0
440 9 0
95 22 0
211 40 0
111 6 0
214 9 0
533 41 0
329 21 0
539 17 0
281 31 0
560 26 0
84 48 0
329 10 0
77 26 0
408 8 0
21 3 0
49 13 0
531 20 0
474 24 0
529 33 0
224 13 0
460 14 0
542 32 0
551 37 0
24 48 0
283 29 0
474 27 0
460 40 0
463 8 0
322 5 0
153 29 0
104 13 0
83 34 0
582 36 0
520 42 0
243 39 0
522 15 0
165 32 0
7 9 0
33 44 0
398 7 0
206 47 1
444 28 0
269 47 1
521 12 0
282 6 0
360 31 0
462 24 0
68 9 0
458 29 0
242 20 0
31 33 0
193 43 0
460 15 0
382 7 0
43 32 0
433 41 0
206 43 0
351 33 0
484 10 0
428 6 0
489 4 0
33 48 0
249 14 0
146 43 0
534 11 0
521 13 0
523 1 0
523 17 0
474 1 0
269 29 0
376 6 0
481 24 0
492 41 0
104 33 0
410 5 0
342 35 0
202 47 1
77 42 0
194 44 0
296 7 0
297 1 0
89 51 0
565 19 0
427 20 0
60 16 0
525 25 0
453 25 0
17 19 0
148 38 0
175 40 0
144 28 0
488 46 0
401 2 0
438 48 1
287 18 0
7 21 0
220 36 0
190 40 0
133 33 0
294 18 0
559 24 0
590 45 0
377 36 0
240 51 1
410 20 0
112 20 0
104 18 0
322 17 0
282 11 0
270 3 0
454 47 0
443 23 0
530 10 0
277 47 1
468 24 0
261 48 1
126 28 0
453 50 0
551 12 0
476 40 0
143 3 0
156 36 0
243 45 1
529 49 0
277 39 0
466 3 0
220 20 0
408 8 0
453 3 0
62 30 0
158 26 0
565 43 0
307 11 0
405 41 0
217 17 0
541 12 0
19 30 0
547 11 0
465 4 0
88 12 0
187 29 0
441 21 0
236 11 0
287 41 0
359 13 0
355 25 0
200 19 0
422 33 0
25 13 0
501 44 0
375 29 0
468 18 0
549 26 0
180 33 0
506 16 0
13 46 0
22 43 0
211 4 0
38 51 0
147 15 0
372 9 0
131 38 0
20 50 0
53 24 0
221 22 0
2 22 0
503 23 0
589 12 0
123 49 0
300 32 0
473 11 0
531 31 0
20 13 0
155 46 1
440 46 1
441 7 0
440 23 0
458 34 0
478 7 0
324 24 0
297 11 0
13 15 0
135 24 0
48 6 0
525 24 0
352 31 0
392 16 0
74 8 0
18 22 0
16 8 0
268 43 0
450 38 0
74 4 0
276 32 0
512 19 0
195 14 0
456 20 0
212 6 0
243 40 0
177 20 0
102 20 0
109 21 0
565 40 0
501 22 0
285 24 0
347 16 0
173 19 0
567 20 0
505 15 0
30 10 0
523 6 0
59 12 0
350 4 0
115 44 0
94 26 0
312 36 0
412 38 0
481 26 0
327 44 0
80 51 0
450 39 0
524 45 0
447 13 0
462 18 0
453 44 0
392 31 0
586 49 0
555 39 0
56 18 0
521 44 0
354 8 0
318 3 0
513 2 0
455 35 0
111 29 0
199 6 0
499 9 0
369 29 0
548 6 0
402 26 0
355 13 0
322 7 0
166 40 0
520 5 0
378 33 0
267 49 1
481 33 0
251 42 0
180 28 0
100 40 0
42 34 0
27 33 0
427 5 0
40 30 0
401 51 1
414 32 0
69 26 0
531 35 0
541 48 0
